i"Pad" 22.00 7.0 0.08 220.00
i"Pad" 25.50 7.5 0.07 293.665
i"Pad" 29.00 6.0 0.06 349.228
i"Pad" 32.00 4.0 0.05 440.00
i"Glass" 22.50 2.5 0.20 349.228
i"Glass" 24.00 3.0 0.28 523.251
i"Glass" 25.40 2.0 0.22 659.255
i"Glass" 26.80 3.2 0.30 440.00
i"Glass" 28.10 2.2 0.19 587.330
i"Glass" 29.30 2.8 0.26 391.995
i"Glass" 30.60 3.4 0.32 293.665
i"Glass" 31.80 2.1 0.21 523.251
i"Glass" 32.90 2.6 0.24 349.228
i"Glass" 33.60 3.0 0.29 587.330
i"Spark" 22.30 0.30 0.10 523.251
i"Spark" 23.60 0.25 0.14 659.255
i"Spark" 24.90 0.35 0.12 587.330
i"Spark" 26.10 0.28 0.09 440.00
i"Spark" 27.40 0.32 0.13 523.251
i"Spark" 28.60 0.27 0.15 659.255
i"Spark" 29.80 0.30 0.11 587.330
i"Spark" 30.90 0.26 0.10 440.00
i"Spark" 31.70 0.29 0.14 523.251
i"Spark" 32.40 0.31 0.16 659.255
i"Spark" 33.10 0.28 0.12 587.330
i"Spark" 33.70 0.30 0.13 440.00
i"Pulse" 22.00 0.09 0.09 220.00
i"Pulse" 22.35 0.05 0.05 220.00
i"Pulse" 22.70 0.04 0.04 293.665
i"Pulse" 23.05 0.06 0.06 220.00
i"Pulse" 23.40 0.11 0.10 349.228
i"Pulse" 23.75 0.05 0.05 220.00
i"Pulse" 24.10 0.04 0.04 220.00
i"Pulse" 24.45 0.07 0.07 391.995
i"Pulse" 24.80 0.05 0.05 293.665
i"Pulse" 25.15 0.04 0.04 220.00
i"Pulse" 25.50 0.08 0.08 220.00
i"Pulse" 25.85 0.05 0.05 349.228
i"Pulse" 26.20 0.04 0.04 220.00
i"Pulse" 26.55 0.06 0.06 293.665
i"Pulse" 26.90 0.10 0.09 220.00
i"Pulse" 27.25 0.05 0.05 440.00
i"Pulse" 27.60 0.04 0.04 220.00
i"Pulse" 27.95 0.07 0.07 349.228
i"Pulse" 28.30 0.05 0.05 220.00
i"Pulse" 28.65 0.04 0.04 293.665
i"Pulse" 29.00 0.09 0.09 220.00
i"Pulse" 29.35 0.05 0.05 220.00
i"Pulse" 29.70 0.04 0.04 391.995
i"Pulse" 30.05 0.06 0.06 220.00
i"Pulse" 30.40 0.11 0.10 349.228
i"Pulse" 30.75 0.05 0.05 293.665
i"Pulse" 31.10 0.04 0.04 220.00
i"Pulse" 31.45 0.07 0.07 220.00
i"Pulse" 31.80 0.05 0.05 440.00
i"Pulse" 32.15 0.04 0.04 349.228
i"Pulse" 32.50 0.08 0.08 220.00
i"Pulse" 32.85 0.05 0.05 293.665
i"Pulse" 33.20 0.04 0.04 220.00
i"Pulse" 33.55 0.06 0.06 349.228